Gly G    0    0    0    0   10   30   40   45   49   45   40   30   10    0    0    0    0
Ala A    0    0    0    0   -5  -10  -20  -25  -25  -25  -20  -15  -10   -5    0    0    0
Val V    0    0    0    0  -10  -20  -25  -30  -35  -30  -25  -20  -10    0    0    0    0
Leu L    0    0    0  -10  -20  -30  -40  -30  -20  -20  -10    0    0    0    0    0    0
Ile I    0    0    0    0    0  -10  -20  -30  -33  -30  -10    0   10   20   30   20    0
Ser S    0  -10  -20  -20   10   15   20   25   50   25   20   15   10    0    0    0    0
Thr T    0   10   20   30   20   15   10   15   17   15   10   15   20   30   20   10    0
Asp D    0    0    0    0    0    0    0    0    0    0    0    0    0    0    0    0    0
Glu E    0    0   10   20   40   20    0  -10  -44  -40  -20  -10    0    0    0    0    0
Asn N    0    0    0   10   20   30   35   40   46   40   35   30   20   10    5    0    0
Gln Q   10   20   30   25   20   15   10    0   -5   20   30   40   50   60   50   40   20
Lys K  -10  -20  -30  -40  -25  -20  -10   -8   -8    0    0  -20  -30  -20  -10   -5    0
His H    0    0    0    0    0    0    0   10   16   15   10   10   10   10    5    0    0
Arg R    0    0    0    0    0    0    0    0  -12    0   20   30   20   10    0    0    0
Phe F    0    0    0    0    0   -5  -10  -20  -41  -20    0   15   30   25   20   10    0
Tyr Y    0    0    0    0    0    0    0    0   -6    0    0    0    0    0    0    0    0
Trp W    0    0    0   10   20   30   40   20   12   20   30   40   50   60   70   40   20
Cys C    0    0    0    0    0    0  -10  -30  -47  -30  -10    0    0    0    0    0    0
Met M    0   -5  -10  -15  -20  -25  -30  -40  -41  -40  -30  -25  -20  -15  -10   -5    0
Pro P    0    0   10   20   30   40   50   55   58   50   10    0    0    0    0    0    0
