Gly G   10   20   30   40   40   20    0  -20  -42  -20    0   20   40   40   30   20  -10
Ala A    0    0    0    0   -5  -10  -15  -20  -23  -20  -15  -10   -5    0    0    0    0
Val V    0    0  -10  -20    0   20   40   60   68   60   40   20    0  -20  -10    0    0
Leu L    0    0    0    0    0    5   10   20   23   20   10    5    0    0    0    0    0
Ile I    0  -10  -20  -10    0   20   40   60   67   60   40   20    0  -10  -20  -10    0
Ser S    0   10   20   10    0   -5  -10  -15  -17  -15  -10   -5    0   10   20   10    0
Thr T    5   10   15   20   15   15   10   10   13   10   10   15   15   20   15   10    0
Asp D    0    5   10   15   20    0  -20  -30  -44  -30  -20    0    0    0    0    0    0
Glu E  -10  -15  -20  -25  -30  -35  -40  -45  -50  -55  -60  -60  -50  -40  -30  -20  -10
Asn N   10   30   50   30   20    0  -15  -30  -41  -30  -15    0   20   30   50   30   10
Gln Q    0    0    0    0    0   -5  -10    0   12   20   30   40   50   50   40   30   15
Lys K   -5  -10  -15  -20  -30  -40  -50  -40  -33  -20  -10    0   10   10    0    0    0
His H  -10  -20  -40  -20  -10    0  -10  -20  -25  -35  -30  -25  -20  -15  -10    5    0
Arg R    0    0    0    0    0    0    0    0    4    0    0    0    0    0    0    0    0
Phe F    0    0    0    0    0    5   10   20   26   10  -10  -30  -60  -65  -60  -40  -20
Tyr Y    0    5   10   15   20   25   30   35   40   35   30   25   20   15   10    5    0
Trp W    0    0    0    0    0  -10  -10  -10  -10  -10  -10  -15  -20  -25  -30  -20  -10
Cys C    0    0    0    0    0   10   20   30   44   30   20   10    0    0    0    0    0
Met M  -10  -20  -30  -40  -40  -30    0   10   23   10    0  -30  -40  -40  -30  -20  -10
Pro P   10   20   30   30   20   10    0  -10  -18  -20  -10   10   30   40   30   20   10
