Gly G   -5  -10  -15  -20  -30  -40  -50  -60  -86  -60  -50  -40  -30  -20  -15  -10   -5
Ala A    5   10   15   20   30   40   50   60   65   60   50   40   30   20   15   10    5
Val V    0    0    0    0    0    0    5   10   15   10    5    0    0    0    0    0    0
Leu L    0    5   10   15   20   25   28   30   32   30   28   25   20   15   10    5    0
Ile I    5   10   15   20   25   20   15   10    6    0  -10  -15  -20  -25  -20  -10   -5
Ser S    0   -5  -10  -15  -20  -25  -30  -35  -39  -35  -30  -25  -20  -15  -10   -5    0
Thr T    0    0    0   -5  -10  -15  -20  -25  -26  -25  -20  -15  -10   -5    0    0    0
Asp D    0   -5  -10  -15  -20  -15  -10    0    5   10   15   20   20   20   15   10    5
Glu E    0    0    0    0   10   20   60   70   78   78   78   78   78   70   60   40   20
Asn N    0    0    0    0  -10  -20  -30  -40  -51  -40  -30  -20  -10    0    0    0    0
Gln Q    0    0    0    0    5   10   20   20   10  -10  -20  -20  -10   -5    0    0    0
Lys K   20   40   50   55   60   60   50   30   23   10    5    0    0    0    0    0    0
His H   10   20   30   40   50   50   50   30   12  -20  -10    0    0    0    0    0    0
Arg R    0    0    0    0    0    0    0    0   -9  -15  -20  -30  -40  -50  -60  -30  -10
Phe F    0    0    0    0    0    5   10   15   16   15   10    5    0    0    0    0    0
Tyr Y   -5  -10  -15  -20  -25  -30  -35  -40  -45  -40  -35  -30  -25  -20  -15  -10   -5
Trp W  -10  -20  -40  -50  -50  -10    0   10   12   10    0  -10  -50  -50  -40  -20  -10
Cys C    0    0    0    0    0    0   -5  -10  -13  -10   -5    0    0    0    0    0    0
Met M   10   20   25   30   35   40   45   50   53   50   45   40   35   30   25   20   10
Pro P  -10  -20  -40  -60  -80 -100 -120 -140  -77  -60  -30  -20  -10    0    0    0    0
